# FAILING TESTS

$ perl ch-2.pl -31894 -26276 -17247 -17096 -15402 -8096 2333 5883 14560 15638 16087 16541 22712
TOTAL: -22257
(-31894 -17247 -17096 2333 14560 15638 22712) ==> -10994
(-26276 -15402 -8096 5883 16087 16541) ==> -11263

$ perl james-ch-2.pl -31894 -26276 -17247 -17096 -15402 -8096 2333 5883 14560 15638 16087 16541 22712
Team 1: [-31894 -26276 2333 5883 16087 22712]; 
Team 2: [-17247 -17096 -15402 -8096 14560 15638 16541]; difference 53



$ perl ch-2.pl -31894 -26276 -17247 -17096 -15402 5883 14560 15638 16087 16541 22712
TOTAL: -16494
(-31894 -17247 -15402 16541 16087 22712) ==> -9203
(-26276 -17096 5883 15638 14560) ==> -7291

$ perl james-ch-2.pl -31894 -26276 -17247 -17096 -15402 5883 14560 15638 16087 16541 22712
Team 1: [-31894 -15402 5883 16087 16541]; 
Team 2: [-26276 -17247 -17096 14560 15638 22712]; difference 1076



$ perl ch-2.pl -31894 -26276 -17247 -17096 14560 15638 16087 16541 22712
TOTAL: -6975
(-31894 -17247 14560 16087 15638) ==> -2856
(-26276 -17096 22712 16541) ==> -4119

$ perl james-ch-2.pl -31894 -26276 -17247 -17096 14560 15638 16087 16541 22712
Team 1: [-31894 -26276 15638 16541 22712]; 
Team 2: [-17247 -17096 14560 16087]; difference 417


# LOOK RIGHT


$ perl ch-2.pl -31894 -26276 -17247 -17096 15638 16087 16541 22712
TOTAL: -21535
(-31894 -17247 15638 22712) ==> -10791
(-26276 -17096 16087 16541) ==> -10744

$ perl james-ch-2.pl -31894 -26276 -17247 -17096 15638 16087 16541 22712
Team 1: [-31894 -17247 15638 22712]; 
Team 2: [-26276 -17096 16087 16541]; difference 47



$ perl ch-2.pl -31894 -26276 -17247 15638 16087 16541 22712
TOTAL: -4439
(-26276 -17247 16541 22712) ==> -4270
(-31894 15638 16087) ==> -169

$ perl james-ch-2.pl -31894 -26276 -17247 15638 16087 16541 22712
Team 1: [-31894 15638 16087]; 
Team 2: [-26276 -17247 16541 22712]; difference 4101



$ perl ch-2.pl -26276 -17247 15638 16087 16541 22712
TOTAL: 27455
(-26276 22712 16541) ==> 12977
(-17247 16087 15638) ==> 14478
$ perl james-ch-2.pl -26276 -17247 15638 16087 16541 22712
Team 1: [-26276 16541 22712]; 
Team 2: [-17247 15638 16087]; difference 1501

