https://www.random.org/integers/?num=30&min=-8192&max=8191&col=30&base=10&format=html&rnd=new



TOTAL: 11374

(-7597 -7414 -6066 -5570 -3218 -1756 -1131 2199 2757 3409 3526 3594 6819 8059 8076) ==> 5687
(-7866 -6921 -6677 -4674 -4014 -2824 910 2238 2882 3343 3563 5073 5239 7225 8190) ==> 5687
TOTAL: -16000

(-7703 -7484 -7108 -6497 -5100 -4274 -1325 -644 1277 1663 2228 4248 7330 7356 8033) ==> -8000
(-8060 -7497 -7277 -6932 -4517 -2067 -1233 244 1324 1910 2121 2628 5358 7878 8120) ==> -8000

TOTAL: 41225

(-8027 -5700 -3236 -1448 -1360 -844 2040 2109 3579 3703 4595 5328 5869 6605 7400) ==> 20613
(-6546 -4871 -4230 -1372 -1119 -339 14 2370 2544 3848 4873 4886 6016 6864 7674) ==> 20612

TOTAL: -9550

(-7486 -6505 -5682 -4749 -4721 -4531 -3604 -1556 807 3040 4536 4547 5939 7284 7906) ==> -4775
(-7806 -5739 -5028 -4822 -4630 -3938 -2831 -1534 -1423 1088 3764 5342 6868 7824 8090) ==> -4775

