# UNSUCCESSFUL
$ perl ch-2.pl -26276 -17247 -17096 -15402 2333 5883 14560 15638 16087 16541 22712
TOTAL: 17733
(-26276 -17096 2333 14560 16087 16541) ==> 6149
(-17247 -15402 5883 15638 22712) ==> 11584

$ perl james-ch-2.pl -26276 -17247 -17096 -15402 2333 5883 14560 15638 16087 16541 22712
Team 1: [-26276 -15402 2333 15638 16087 16541]; 
Team 2: [-17247 -17096 5883 14560 22712]; difference 109



# SUCCESSFUL
$ perl ch-2.pl -26276 -17247 -17096 5883 14560 15638 16087 16541 22712
TOTAL: 30802
(-26276 -17096 16541 16087 22712) ==> 11968
(-17247 5883 15638 14560) ==> 18834

$ perl james-ch-2.pl -26276 -17247 -17096 5883 14560 15638 16087 16541 22712
Team 1: [-26276 5883 14560 22712]; 
Team 2: [-17247 -17096 15638 16087 16541]; difference 2956

